6
1000000000 20 18 14 16 12 19
20 1000000000 22 18 30 26 28
18 22 1000000000 32 20 22 21
14 18 32 1000000000 20 22 21
16 30 20 20 1000000000 30 32
12 26 22 22 30 1000000000 26
19 28 21 21 32 26 1000000000